3333
271960
96745
14121
15332
210451
38544
50113
935
106384
17982
4545
22256
292799
9318
6658
55870
5799
12240
158619
4489
123698
1751
218897
313013
11054
38306
11937
128346
49443
293303
6841
64143
19053
218976
192639
13372
82348
6457
25784
80733
6427
104194
263438
55280
190386
2723
75450
135383
271257
2683
34552
84914
262114
12097
11348
14541
3200
19969
52331
141741
126148
9318
212075
29235
32825
45635
115130
8758
85304
49354
133627
4894
78293
3154
13476
3600
13421
266452
11936
24056
3173
17839
117574
6560
152923
11057
110382
123698
4655
123261
11041
53288
11392
3524
18966
13176
11943
266223
12699
11395
194616
41190
13301
13763
10811
3243
243028
3094
199721
54215
12630
25526
87536
56018
12657
105721
5440
3558
4957
59642
18463
47284
249317
13420
14485
19258
194477
48095
14968
16106
8760
123758
64143
230932
3031
3399
53471
14289
14089
306251
40876
17822
99220
200154
3642
110822
178170
14121
3045
272246
38744
30575
238890
199830
4957
25975
211366
192697
109485
140427
385
11390
270062
2800
80835
9234
4824
3172
179706
26137
4296
3247
50711
4838
128402
98164
263758
16292
2639
17180
22256
187235
4880
2436
229652
